1,2182506.884,5981292.29,8.907,CP CUT X
2,2182107,5981187.635,13.02,CP CUT X
3,2182357.038,5981238.868,13.776,CP CUT X
4,2182337.641,5981324.239,17.667,CP MAG WASHER
5,2182398.8,5981495.993,11.971,CP CUT X
6,2182324.824,5981367.684,19.214,CP MAG WASHER
7,2182294.502,5981449.011,20.519,CP CUT X
8,2182349.772,5981471.033,11.457,CP CUT X
9,2182404.123,5981566.52,11.012,CP MAG
5000,2182496.613,5981266.902,9.397,DY
5001,2182489.335,5981285.493,9.45,DY
5002,2182485.028,5981296.691,9.638,DY
5003,2182480.801,5981309.092,9.608,DY STRIPE
5004,2182477.354,5981319.13,9.727,DY STRIPE
5005,2182470.137,5981340.08,9.961,DY
5006,2182463.11,5981361.507,10.204,DY
5007,2182456.162,5981382.308,10.473,DY
5008,2182448.885,5981404.213,10.876,DY
5009,2182448.175,5981406.239,10.969,SSMH
5010,2182441.75,5981425.739,11.388,DY
5011,2182432.009,5981422.375,11.112,AC
5012,2182425.227,5981419.848,10.523,AC
5013,2182424.879,5981419.65,10.814,TC
5014,2182424.039,5981422.478,10.865,TC
5015,2182420.84,5981423.964,10.968,UTIL BOX 2
5016,2182423.488,5981415.668,10.79,SIGN
5017,2182419.023,5981417.373,10.94,CONC
5018,2182417.98,5981420.677,11.017,CONC
5019,2182412.505,5981419.025,11.106,ECONC
5020,2182413.375,5981416.343,11.036,ECONC
5021,2182412.93,5981416.33,11.036,GR
5022,2182407.261,5981420.323,11.441,"3"" 5"" 5"" MIM"
5023,2182403.049,5981414.786,10.898,GR
5024,2182399.994,5981423.649,10.831,CO
5025,2182399.394,5981424.26,11.039,BLDG COL COR
5026,2182401.85,5981425.064,11.019,COL COR X
5027,2182415.246,5981394.868,10.921,"5"" 6"" 7"" MIM"
5028,2182420.745,5981392.689,10.416,GR
5029,2182417.599,5981403.68,10.723,ECONC
5030,2182423.086,5981405.382,10.618,CONC
5031,2182428.915,5981407.429,10.543,TC
5032,2182432.898,5981395.461,10.291,TC
5033,2182433.127,5981395.695,10.025,AC
5034,2182440.754,5981401.415,10.771,AC
5035,2182428.805,5981394.758,10.387,CONC
5036,2182421.49,5981391.859,10.497,ECONC STEPS TOP
5037,2182423.434,5981385.909,10.376,STEPS TOP
5038,2182422.171,5981385.563,9.686,STEPS BOT
5039,2182420.214,5981391.357,9.836,STEPS BOT
5040,2182416.357,5981390.083,9.753,CONC
5041,2182418.328,5981385.107,9.676,CONC
5042,2182412.28,5981383.268,9.706,CONC
5043,2182411.672,5981385.076,9.689,CONC
5044,2182410.762,5981388.28,9.71,CONC
5045,2182411.493,5981384.966,9.709,DOOR 3R
5046,2182414.456,5981386.54,9.651,SDDI 1.2X1.2
5047,2182412.792,5981382.238,10.613,GR
5048,2182417.624,5981383.759,10.61,GR
5049,2182410.416,5981389.34,10.446,GR
5050,2182410.601,5981388.517,11.021,"TFW 6"" CONC"
5051,2182420.961,5981391.696,10.99,"TFW 6"" CONC"
5052,2182421.419,5981391.821,10.645,"TFW 6"" CONC END"
5053,2182412.308,5981382.979,11.047,"TFW 6"" CONC"
5054,2182418.212,5981384.827,10.939,"TFW 6"" CONC"
5055,2182422.406,5981372.259,10.533,"TFW 6"" CONC"
5056,2182422.539,5981371.951,10.054,"TFW 6"" CONC END ECONC"
5057,2182420.359,5981371.311,10.015,ECONC
5058,2182422.015,5981365.994,9.956,ECONC
5059,2182429.304,5981368.248,10.022,ECONC
5060,2182427.495,5981373.307,10.127,CONC
5061,2182426.231,5981378.167,10.18,CONC
5062,2182424.572,5981377.731,10.102,CONC
5063,2182424.762,5981377.878,10.12,"TFW 15"" CONC END"
5064,2182424.671,5981378.235,10.644,"TFW 15"" CONC"
5065,2182422.392,5981385.177,10.862,"TFW 15"" CONC"
5066,2182422.286,5981385.46,10.719,"TFW 15"" CONC END"
5067,2182413.499,5981378.5,10.285,BLDG COR
5068,2182412.012,5981377.964,10.181,BLDG COR
5069,2182415.823,5981371.886,10.317,GR
5070,2182413.681,5981373.875,10.235,UTIL RISER
5071,2182417.634,5981375.485,10.369,GR
5072,2182415.138,5981374.486,10.231,SDDI 1.5X1.5
5073,2182433.193,5981375.959,10.023,CONC
5074,2182438.847,5981377.67,9.902,TC
5075,2182439.097,5981377.818,9.654,AC
5076,2182447.983,5981380.063,10.373,AC
5077,2182435.245,5981388.525,10.185,TC
5078,2182429.514,5981386.761,10.262,CONC
5079,2182439.147,5981368.261,9.835,SIGN
5080,2182425.788,5981361.162,10.019,"3"" MIM"
5081,2182421.902,5981366.742,9.964,STEPS BOT
5082,2182420.752,5981370.566,10.016,STEPS BOT
5083,2182418.07,5981369.794,12.27,STEPS TOP
5084,2182419.163,5981365.987,12.278,STEPS TOP
5085,2182416.204,5981365.177,12.333,CONC
5086,2182415.66,5981367.062,12.341,CONC
5087,2182415.065,5981368.801,12.347,CONC
5088,2182415.438,5981366.863,12.687,DOOR 3L
5089,2182416.963,5981363.736,9.902,GR
5090,2182414.888,5981369.979,10.573,GR
5091,2182414.97,5981368.97,12.833,"TFW 9"" CONC"
5092,2182418.059,5981369.916,12.782,"TFW 9"" CONC"
5093,2182420.453,5981370.575,11.229,"TFW 9"" CONC END"
5094,2182421.638,5981366.607,11.242,"TFW 9"" CONC END"
5095,2182419.282,5981365.902,12.785,"TFW 9"" CONC"
5096,2182416.208,5981364.974,12.849,"TFW 9"" CONC"
5097,2182421.591,5981372.068,10.021,GR
5098,2182429.004,5981367.639,9.938,GR
5099,2182418.937,5981355.583,10.453,BLDG COR X
5100,2182433.648,5981352.933,9.752,GR
5101,2182434.205,5981353.424,9.843,ECONC
5102,2182439.789,5981354.871,9.696,CONC
5103,2182445.845,5981356.248,9.591,TC
5104,2182446.164,5981356.295,9.295,AC
5105,2182454.042,5981358.874,9.991,AC
5106,2182462.187,5981337.226,9.75,AC
5107,2182453.327,5981335.348,9.004,AC
5108,2182452.84,5981335.218,9.249,TC
5109,2182447.253,5981333.399,9.407,CONC
5110,2182441.406,5981331.674,9.548,ECONC
5111,2182427.818,5981327.465,10.313,X
5112,2182435.772,5981314.212,10.351,"20"" FIR"
5113,2182440.497,5981299.728,9.899,SIGN
5114,2182446.414,5981303.064,9.624,SIGN
5115,2182446.291,5981316.841,9.376,ECONC TC END
5116,2182451.971,5981318.864,9.356,CONC
5117,2182457.672,5981320.686,9.215,TC CR TT
5118,2182457.758,5981320.697,8.914,LIP
5119,2182459.053,5981321.229,9.007,LIP
5120,2182455.895,5981317.879,9.26,EL SIGN BUTTON
5121,2182453.045,5981327.178,9.261,SIGN
5122,2182454.846,5981331.062,9.007,STRIPE
5123,2182455.922,5981329.795,9.048,STRIPE
5124,2182457.829,5981329.03,9.166,STRIPE
5125,2182459.977,5981328.787,9.338,STRIPE
5126,2182462.278,5981327.918,9.477,STRIPE
5127,2182463.816,5981325.888,9.529,STRIPE
5128,2182467.045,5981316.333,9.468,STRIPE STRIPE
5129,2182470.79,5981305.955,9.451,STRIPE STRIPE
5130,2182473.586,5981297.888,9.377,STRIPE
5131,2182474.069,5981294.857,9.321,STRIPE
5132,2182473.252,5981292.517,9.169,STRIPE
5133,2182472.014,5981290.354,8.948,STRIPE
5134,2182471.322,5981288.037,8.776,STRIPE
5135,2182471.721,5981286.163,8.761,STRIPE
5136,2182461.414,5981314.557,8.972,LIP STRIPE
5137,2182464.954,5981304.289,8.863,LIP STRIPE
5138,2182457.841,5981320.699,8.901,FL
5139,2182460.042,5981314.821,8.895,FL
5140,2182463.789,5981303.624,8.797,FL
5141,2182467.822,5981292.07,8.676,FL
5142,2182472.176,5981279.461,8.607,FL
5143,2182477.835,5981263.238,8.499,FL
5144,2182479.115,5981263.629,8.553,LIP
5145,2182473.502,5981279.797,8.678,LIP
5146,2182479.768,5981281.925,9.343,AC
5147,2182486.517,5981263.94,9.151,AC
5148,2182469.438,5981291.48,8.758,LIP
5149,2182468.04,5981290.905,8.797,CONC
5150,2182471.771,5981280.261,8.7,CONC
5151,2182463.248,5981303.39,8.826,DOMES
5152,2182460.478,5981302.437,8.847,DOMES
5153,2182458.553,5981307.897,8.848,TC BT DOMES
5154,2182459.267,5981314.562,8.958,TC BT DOMES
5155,2182451.701,5981300.907,8.929,TC BT
5156,2182451.544,5981300.877,9.359,TC
5157,2182451.686,5981299.122,8.974,LIP
5158,2182457.469,5981303.252,8.911,LIP ECONC
5159,2182454.386,5981312.003,9.079,CONC
5160,2182449.18,5981309.589,9.158,CONC
5161,2182462.087,5981290.269,8.871,ECONC
5162,2182465.925,5981279.486,8.83,ECONC LIP
5163,2182450.085,5981301.314,9.329,"POST 4""X4"""
5164,2182442.13,5981298.978,9.646,"POST 4""X4"""
5165,2182447.579,5981307.965,9.586,"POST 4""X4"""
5166,2182444.535,5981317.832,9.574,"POST 4""X4"""
5167,2182443.009,5981323.032,9.707,"POST 4""X4"""
5168,2182439.4,5981332.947,9.917,"POST 4""X4"""
5169,2182442.429,5981311.647,9.969,"POST 4""X4"""
5170,2182439.495,5981307.123,10.003,"POST 4""X4"""
5171,2182435.295,5981309.783,10.116,"POST 4""X4"""
5172,2182436.014,5981298.462,10.093,SIGN
5173,2182437.701,5981296.715,9.945,TC
5174,2182438.254,5981295.171,9.56,LIP
5175,2182438.418,5981293.557,9.799,X GATE
5176,2182444.181,5981274.299,9.564,X GATE
5177,2182441.179,5981283.679,10.127,AC
5178,2182455.488,5981287.99,9.266,AC
5179,2182449.504,5981274.283,9.369,LIP
5180,2182450.078,5981272.949,9.724,TC
5181,2182451.682,5981267.712,9.841,ECONC
5182,2182452.178,5981265.833,9.874,ECONC
5183,2182452.743,5981265.532,9.702,GR
5184,2182445.841,5981270.584,9.815,X GATE
5185,2182447.316,5981266.123,9.883,X GATE
5186,2182450.601,5981254.335,10.068,X
5187,2182450.009,5981261.163,10.425,"6"" MAG"
5188,2182452.402,5981255.258,10.232,COL COR
5189,2182453.337,5981255.561,10.105,COL COR
5190,2182453.611,5981254.501,9.743,COL COR BLDG COR
5191,2182458.417,5981239.039,9.643,BLDG LINE
5192,2182460.948,5981248.583,9.956,"8"" TREE"
5193,2182461.27,5981254.31,9.703,GR
5194,2182467.246,5981256.122,9.377,GR
5195,2182468.525,5981256.727,9.195,ECONC
5196,2182467.893,5981258.276,9.191,ECONC
5197,2182467.459,5981258.154,9.199,ECONC
5198,2182464.841,5981265.276,9.382,ECONC
5199,2182456.844,5981269.313,9.586,ECONC
5200,2182456.795,5981268.971,9.514,GR
5201,2182464.403,5981264.875,9.366,GR
5202,2182471.276,5981260.727,9.132,CONC
5203,2182472.276,5981257.865,9.106,CONC
5204,2182478.717,5981260.074,8.937,TC
5205,2182480.174,5981260.752,8.529,LIP
5206,2182476.496,5981266.363,8.951,TC CR
5207,2182474.269,5981271.163,9.018,TC TT
5208,2182470.953,5981274.746,8.804,TC BT
5209,2182467.379,5981276.478,8.857,TC BT
5210,2182460.858,5981276.307,9.436,TC TT CR
5211,2182460.491,5981277.795,8.97,LIP
5212,2182461.177,5981275.858,9.425,GB
5213,2182464.33,5981270.749,9.383,GB
5214,2182468.035,5981269.006,9.301,GB
5215,2182473.674,5981270.913,9.058,GB
5216,2182469.39,5981271.662,9.111,DOMES
5217,2182465.834,5981273.409,9.113,DOMES
5218,2182467.155,5981276.062,8.919,DOMES
5219,2182470.713,5981274.308,8.902,DOMES
5220,2182464.126,5981274.707,9.214,CONC
5221,2182470.973,5981271.493,9.1,CONC
5222,2182475.812,5981260.37,9.02,ST LT OHL
5223,2182506.058,5981263.055,9.315,OHL
5224,2182505.419,5981266.261,9.334,OHL 1
5225,2182454.534,5981252.219,9.659,OHL 1
5226,2182504.967,5981248.745,9.312,SSMH
5227,2182423.835,5981308.695,10.623,X
5228,2182422.069,5981306.688,10.981,EL SLAB
5229,2182414.576,5981305.204,11.036,X END
5230,2182412.863,5981301.218,12.001,EL SLAB
5231,2182412.852,5981301.511,11.476,GR
5232,2182439.228,5981271.143,9.577,LIP
5233,2182439.674,5981269.746,9.9,TC
5234,2182441.06,5981264.722,9.977,CONC
5235,2182441.496,5981263.623,10.039,ECONC
5236,2182441.846,5981262.61,10.054,ECONC
5237,2182441.687,5981262.248,10.117,GR
5238,2182441.682,5981260.021,10.493,SIGN
5239,2182445.616,5981261.259,10.257,SIGN
5240,2182431.582,5981261.891,10.759,CONC
5241,2182429.953,5981266.703,10.701,TC
5242,2182420.034,5981263.618,11.478,TC
5243,2182419.642,5981265.105,11.086,LIP
5244,2182421.632,5981258.599,11.56,CONC
5245,2182421.85,5981257.592,11.638,ECONC
5246,2182422.373,5981257.401,11.612,GR
5247,2182427.689,5981255.653,11.524,"5"" MAG"
5248,2182421.85,5981258.47,12.061,"TFW 10"" CONC END"
5249,2182441.139,5981264.455,10.526,"TFW 10"" CONC END"
5250,2182431.465,5981261.439,11.299,"TFW 10"" CONC"
5251,2182425.248,5981246.892,12.139,COL COR ECONC
5252,2182426.165,5981247.185,11.58,COL COR
5253,2182425.539,5981245.97,12.221,COL COR BLDG COR
5254,2182430.451,5981230.158,12.579,BLDG LINE
5255,2182427.854,5981247.629,11.26,UTIL RISERS
5256,2182426.349,5981242.938,12.448,CONC
5257,2182416.3,5981241.633,12.168,ECONC
5258,2182415.497,5981244.17,12.164,ECONC
5259,2182413.585,5981250.214,11.866,ECONC
5260,2182411.417,5981253.292,11.791,ECONC
5261,2182407.877,5981254.073,11.812,ECONC
5262,2182410.31,5981260.554,11.55,TC
5263,2182416.108,5981256.775,11.636,CONC
5264,2182409.492,5981253.451,11.561,GR
5265,2182415.722,5981242.388,11.98,GR
5266,2182395.93,5981257.745,11.819,LIP
5267,2182396.087,5981256.238,12.213,TC
5268,2182397.85,5981251.036,12.295,ECONC
5269,2182385.432,5981247.142,12.928,ECONC
5270,2182385.492,5981246.739,12.757,GR
5271,2182384.002,5981252.457,12.813,TC
5272,2182383.603,5981253.862,12.427,LIP
5273,2182379.43,5981254.405,12.737,EL BOX 3.0X4.5
5274,2182369.127,5981249.486,12.986,LIP
5275,2182369.437,5981247.99,13.357,TC
5276,2182371.086,5981242.75,13.437,ECONC
5277,2182355.425,5981243.082,13.768,ECONC
5278,2182355.308,5981243.57,13.719,TC
5279,2182355.007,5981245.016,13.348,LIP
5280,2182341.139,5981242.041,13.774,EL BOX 2.0X3.0
5281,2182338.962,5981240.078,13.668,LIP PATCH 2
5282,2182340.819,5981233.334,13.805,EP PATCH 2
5283,2182340.998,5981232.563,13.816,GR
5284,2182339.26,5981238.594,13.929,TC
5285,2182346.372,5981240.282,13.703,PATCH 1.5
5286,2182347.788,5981235.715,13.646,PATCH 1.5
5287,2182323.054,5981227.944,13.947,GR
5288,2182322.809,5981228.203,13.967,EP
5289,2182321.104,5981233.019,14.021,TC
5290,2182320.57,5981234.285,13.78,LIP
5291,2182307.703,5981230.335,13.848,LIP
5292,2182308.033,5981229.008,14.114,TC TT
5293,2182308.191,5981228.587,14.099,ECONC
5294,2182309.645,5981223.889,14.057,EP ECONC
5295,2182308.518,5981223.468,14.069,ECONC
5296,2182308.419,5981224.053,14.01,CONC
5297,2182308.393,5981223.879,14.066,TC END
5298,2182304.194,5981222.491,14.087,TC
5299,2182303.9,5981222.652,13.78,CONC
5300,2182305.202,5981221.859,13.741,GR
5301,2182303.031,5981227.535,13.83,TC BT END
5302,2182302.865,5981228.97,13.835,LIP ECONC
5303,2182293.881,5981223.381,14.089,SDMH
5304,2182307.447,5981210.735,13.678,CONC
5305,2182307.742,5981210.807,13.981,TC
5306,2182309.766,5981210.751,13.396,"EL LITE 24"" BASE"
5307,2182311.908,5981211.885,13.57,EL BOX 1
5308,2182309.917,5981203.05,13.624,CONC
5309,2182310.166,5981203.084,13.922,TC
5310,2182310.832,5981203.371,13.265,GR
5311,2182324.236,5981207.759,13.347,EL RISER
5312,2182324.588,5981207.955,13.313,COL COR
5313,2182325.393,5981208.211,12.842,COL COR
5314,2182325.685,5981207.323,12.477,COL COR BLDG LINE
5315,2182351.798,5981216.397,12.976,COL COR
5316,2182352.693,5981216.581,12.101,COL COR
5317,2182352.942,5981215.722,12.136,BLDG COR COL COR
5318,2182353.142,5981215.535,12.097,EL RISERS
5319,2182357.267,5981217.428,12.844,EL RISER
5320,2182354.546,5981217.915,12.131,SDAD 0.75X0.75
5321,2182352.652,5981216.727,13.459,TFW WOOD RET END
5322,2182352.24,5981218.088,13.486,TFW WOOD RET
5323,2182355.948,5981219.482,13.482,TFW WOOD RET
5324,2182356.606,5981217.084,13.44,TFW WOOD RET END
5325,2182356.763,5981217.526,12.87,EL SLAB
5326,2182357.722,5981214.187,12.866,EL SLAB
5327,2182363.776,5981219.75,12.797,EL SLAB
5328,2182364.623,5981216.676,12.774,EL SLAB
5329,2182356.268,5981220.035,12.975,GR
5330,2182351.335,5981218.492,13.139,GR
5331,2182401.066,5981230.618,12.677,"6"" TREE"
5332,2182390.366,5981230.519,12.953,"6"" TREE"
5333,2182379.753,5981226.927,12.85,"2"" TREE"
5334,2182372.597,5981223.472,13,"2"" TREE"
5335,2182364.229,5981220.984,12.84,"2"" TREE"
5336,2182353.117,5981225.12,13.952,"2"" TREE"
5337,2182369.025,5981238.259,13.946,"22"" MAG"
5338,2182342.452,5981221.817,13.619,"7"" TREE"
5339,2182328.299,5981218.268,13.746,"6"" TREE"
5340,2182318.741,5981225.988,13.919,ICV
5341,2182314.048,5981216.077,13.724,GR
5342,2182304.369,5981199.286,13.677,CONC
5343,2182299.008,5981198.003,13.741,ECONC
5344,2182295.317,5981196.75,13.739,ECONC
5345,2182297.754,5981201.825,13.805,ECONC
5346,2182293.943,5981200.633,13.799,ECONC
5347,2182296.168,5981200.534,13.635,"2"" TREE"
5348,2182291.333,5981212.968,14.045,CONC
5349,2182298.717,5981214.851,13.887,CONC
5350,2182291.768,5981220.725,14.146,ECONC
5351,2182287.927,5981219.557,14.25,ECONC
5352,2182290.509,5981224.722,14.186,ECONC
5353,2182286.687,5981223.512,14.262,ECONC
5354,2182289.124,5981222.597,14.091,"2"" TREE"
5355,2182283.453,5981233.263,14.501,CONC
5356,2182292.542,5981236.181,14.375,CONC
5357,2182299.57,5981238.307,14.547,ECONC
5358,2182297.933,5981243.689,14.538,ECONC
5359,2182295.752,5981250.961,14.161,ECONC LIP
5360,2182294.229,5981248.396,14.315,CONC
5361,2182291.42,5981249.555,14.207,CONC
5362,2182284.104,5981248.512,14.365,CONC
5363,2182278.26,5981246.703,14.562,CONC
5364,2182278.155,5981246.997,15.063,TC
5365,2182277.85,5981247.814,14.297,GR
5366,2182285.41,5981249.224,14.833,TC
5367,2182269.285,5981243.011,14.831,SDDI 1.0X1.2
5368,2182293.464,5981250.967,14.125,SDDI 1.0X1.2
5369,2182309.677,5981244.532,14.502,SDDI 2.0X2.2
5370,2182315.459,5981246.227,14.588,AC
5371,2182310.763,5981238.736,14.382,AC
5372,2182304.481,5981243.251,14.573,AC
5373,2182308.499,5981248.124,14.576,AC
5374,2182310.968,5981255.664,14.218,LIP
5375,2182310.614,5981257.097,14.552,TC
5376,2182310.377,5981257.709,14.245,GR
5377,2182318.041,5981260.028,14.437,GR
5378,2182325.756,5981262.89,14.909,GR
5379,2182322.009,5981260.616,14.553,TC
5380,2182322.527,5981259.176,14.221,LIP
5381,2182319.163,5981260.146,14.548,CONC
5382,2182324.67,5981261.751,14.558,CONC
5383,2182324.852,5981261.855,15.176,"TFW 8"" CONC END"
5384,2182319.032,5981260.004,15.129,"TFW 8"" CONC END"
5385,2182317.795,5981264.13,15.564,"TFW 8"" CONC"
5386,2182315.014,5981273.037,20.04,"TFW 8"" CONC END"
5387,2182320.831,5981274.803,20.093,"TFW 8"" CONC END"
5388,2182323.522,5981265.958,15.574,"TFW 8"" CONC"
5389,2182323.07,5981267.103,15.108,STEPS BOT
5390,2182317.472,5981265.451,15.077,STEPS BOT
5391,2182315.34,5981272.233,19.107,STEPS TOP
5392,2182320.991,5981273.954,19.178,STEPS TOP
5393,2182320.693,5981274.851,19.178,ECONC
5394,2182314.343,5981272.996,19.183,ECONC
5395,2182315.264,5981273.482,19.164,CONC
5396,2182314.047,5981272.449,18.471,GR
5397,2182321.845,5981275.071,18.695,GR
5398,2182324.206,5981266.835,15.616,GR
5399,2182316.873,5981263.373,15.329,GR
5400,2182302.562,5981269.219,19.171,ECONC
5401,2182302.793,5981269.085,18.768,GR
5402,2182290.701,5981265.345,18.829,GR
5403,2182290.563,5981265.604,19.118,ECONC
5404,2182274.363,5981260.614,19.215,ECONC
5405,2182274.491,5981260.383,18.851,GR
5406,2182270.554,5981270.499,19.609,UTIL STUB
5407,2182271.014,5981273.43,19.767,ICB 1
5408,2182270.479,5981269.572,19.823,ECONC
5409,2182268.249,5981277.07,19.867,BLDG COR
5410,2182268.405,5981278.319,19.844,W BIBB
5411,2182287.661,5981274.99,19.356,ECONC
5412,2182287.314,5981275.495,19.377,GR
5413,2182302.323,5981280.37,19.644,GR
5414,2182302.406,5981279.567,19.465,ECONC
5415,2182308.463,5981281.366,19.367,ECONC
5416,2182308.157,5981281.628,19.276,GR
5417,2182310.376,5981286.248,19.353,GR
5418,2182310.728,5981286.113,19.44,ECONC
5419,2182314.718,5981279.518,19.287,CONC
5420,2182319.327,5981278.728,19.09,ECONC
5421,2182319.993,5981278.496,19.067,GR
5422,2182317.906,5981284.859,18.934,GR
5423,2182317.589,5981284.39,19.113,ECONC
5424,2182304.511,5981291.456,19.536,BLDG COR
5425,2182295.14,5981284.703,19.731,"12"" TREE"
5426,2182291.033,5981286.683,19.293,GR
5427,2182292.622,5981282.403,19.549,GR
5428,2182277.809,5981277.164,19.712,GR
5429,2182276.53,5981282.468,19.666,GR
5430,2182274.888,5981278.952,19.887,"8"" TREE"
5431,2182274.977,5981279.203,22.242,"TFW 6"" CONC"
5432,2182278.366,5981278.574,22.189,"TFW 6"" CONC"
5433,2182291.701,5981282.67,22.125,"TFW 6"" CONC"
5434,2182290.43,5981286.834,22.188,"TFW 6"" CONC"
5435,2182311.734,5981264.73,16.357,"3"" TREE"
5436,2182298.692,5981260.516,16.349,"3"" TREE"
5437,2182286.934,5981256.146,16.063,"3"" TREE"
5438,2182276.085,5981252.105,16.101,GR
5439,2182333.319,5981273.301,16.022,"3"" TREE"
5440,2182327.685,5981277.454,18.115,"48"" STUMP"
5441,2182334.929,5981262.28,14.21,SDDI 1.3X1.3
5442,2182334.434,5981263.174,14.124,LIP
5443,2182333.254,5981262.64,14.165,LIP
5444,2182334.332,5981260.083,14.408,AC
5445,2182337.112,5981261.581,14.455,AC
5446,2182336.011,5981251.45,14.615,AC
5447,2182331.713,5981263.68,14.559,TC CR
5448,2182338.928,5981269.569,14.76,TC
5449,2182340.185,5981268.703,14.412,LIP
5450,2182338.249,5981269.876,14.891,GR
5451,2182337.444,5981284.099,15.635,GR
5452,2182339.443,5981279.959,15.431,TC CR
5453,2182340.831,5981280.239,15.117,LIP
5454,2182337.896,5981290.792,15.718,LIP
5455,2182336.409,5981290.236,16.043,TC
5456,2182336.112,5981289.996,15.99,ECONC
5457,2182335.908,5981289.93,15.968,X END
5458,2182337.816,5981284.482,15.682,ECONC
5459,2182340.444,5981283.26,15.24,BENCH CL 2.5
5460,2182342.055,5981276.702,14.839,BENCH CL 2.5
5461,2182342.158,5981275.754,14.769,BENCH CL 2.5
5462,2182340.833,5981269.094,14.492,BENCH CL 2.5
5463,2182340.205,5981268.025,14.436,BENCH CL 2.5
5464,2182335.486,5981263.127,14.17,BENCH CL 2.5
5465,2182333.46,5981262.122,14.195,BENCH CL 2.5
5466,2182326.904,5981260.095,14.259,BENCH CL 2.5
5467,2182385.197,5981278.166,13.011,BENCH CL 2.5
5468,2182378.682,5981276.219,13.529,BENCH CL 2.5
5469,2182377.553,5981276.108,13.569,BENCH CL 2.5
5470,2182370.827,5981276.452,13.865,BENCH CL 2.5
5471,2182369.457,5981277.048,13.943,BENCH CL 2.5
5472,2182364.214,5981281.129,14.423,BENCH CL 2.5
5473,2182363.571,5981282.384,14.495,BENCH CL 2.5
5474,2182360.966,5981288.514,14.861,BENCH CL 2.5
5475,2182347.781,5981293.521,15.974,AC
5476,2182358.949,5981295.713,15.225,LIP
5477,2182360.53,5981296.204,15.532,TC
5478,2182361.518,5981296.493,15.23,GR
5479,2182364.076,5981284.978,14.817,TC CR
5480,2182369.892,5981278.751,14.264,TC
5481,2182369.708,5981277.147,13.896,LIP
5482,2182378.665,5981276.516,13.465,LIP
5483,2182378.076,5981277.991,13.869,TC CR
5484,2182370.597,5981279.136,14.056,GR
5485,2182362.614,5981284.756,14.648,LIP
5486,2182352.407,5981280.071,15.211,AC
5487,2182355.622,5981268.016,14.861,AC
5488,2182357.995,5981258.624,14.447,AC
5489,2182378.211,5981265.118,13.879,AC
5490,2182398.129,5981271.275,12.844,AC
5491,2182420.312,5981278.439,11.326,AC
5492,2182434.002,5981282.758,10.466,AC
5493,2182423.24,5981290.607,10.278,LIP
5494,2182422.99,5981292.168,10.606,TC
5495,2182422.812,5981292.712,10.587,GR
5496,2182401.57,5981285.999,12.078,GR
5497,2182401.831,5981285.39,12.244,TC
5498,2182402.688,5981284.097,11.851,LIP
5499,2182388.599,5981279.672,12.856,LIP
5500,2182388.251,5981281.191,13.233,TC
5501,2182388.088,5981281.655,13.117,GR
5502,2182415.43,5981292.727,11.27,EL BOX 3.0X4.5
5503,2182416.837,5981295.386,11.16,GR
5504,2182424.648,5981298.371,10.959,EL SLAB
5505,2182417.566,5981296.194,11.042,EL SLAB
5506,2182414.966,5981294.902,11.909,EL SLAB
5507,2182401.912,5981290.633,11.987,EL SLAB
5508,2182401.248,5981289.771,12.24,GR
5509,2182398.665,5981298.19,12.646,GR
5510,2182395.709,5981293.92,12.845,EL BOX 4.5X3.0
5511,2182375.124,5981292.629,14.748,"36"" FIR"
5512,2182356.757,5981238.358,13.767,ECONC EP
5513,2182357.721,5981305.218,16.027,TC END
5514,2182355.939,5981311.045,16.381,TC END
5515,2182356.203,5981311.076,15.955,ECONC
5516,2182356.514,5981311.741,15.92,GR
5517,2182354.451,5981310.547,16.076,LIP
5518,2182356.124,5981304.896,15.796,LIP
5519,2182358.519,5981305.025,15.632,GR
5520,2182358.082,5981305.318,15.786,ECONC
5521,2182364.821,5981313.667,15.548,ECONC
5522,2182364.45,5981313.914,15.432,GR
5523,2182372.918,5981309.21,15.139,GR
5524,2182372.346,5981309.911,15.552,ECONC
5525,2182366.654,5981308.024,15.563,ECONC
5526,2182370.549,5981315.449,15.542,ECONC
5527,2182366.111,5981329.85,14.58,ECONC
5528,2182366.583,5981329.572,14.362,GR
5529,2182360.373,5981327.668,14.567,GR
5530,2182360.545,5981328.119,14.583,ECONC
5531,2182359.347,5981327.773,14.609,ECONC STEPS BOT
5532,2182357.582,5981333.389,14.602,ECONC STEPS BOT
5533,2182353.793,5981332.304,16.94,ECONC STEPS TOP
5534,2182355.556,5981326.623,16.906,ECONC STEPS TOP
5535,2182351.834,5981325.485,16.943,ECONC
5536,2182349.954,5981325.016,16.939,LIP
5537,2182352.396,5981325.266,16.767,GR
5538,2182351.572,5981325.257,17.158,TC END
5539,2182352.163,5981323.408,17.017,TC
5540,2182350.537,5981322.947,16.659,LIP
5541,2182348.207,5981330.519,17.031,LIP
5542,2182347.504,5981332.844,17.33,LIP
5543,2182349.109,5981333.205,17.556,TC
5544,2182349.745,5981331.088,17.484,TC END
5545,2182350.115,5981331.127,16.975,ECONC
5546,2182350.034,5981331.59,17.042,GR
5547,2182353.339,5981332.48,16.805,GR
5548,2182359.446,5981335.095,14.926,"15"" TREE"
5549,2182360.134,5981327.261,14.57,GR
5550,2182355.594,5981326.058,16.405,GR
5551,2182364.323,5981335.499,14.576,ECONC
5552,2182375.899,5981339.076,13.606,ECONC
5553,2182375.886,5981339.394,13.026,GR
5554,2182377.889,5981333.116,13.365,GR
5555,2182377.8,5981333.464,13.544,ECONC
5556,2182393.599,5981338.393,12.188,ECONC
5557,2182399.154,5981340.071,12.124,ECONC
5558,2182399.744,5981339.87,11.565,GR
5559,2182397.487,5981345.712,12.148,ECONC
5560,2182396.649,5981348.542,12.115,ECONC
5561,2182397.187,5981348.575,11.574,GR
5562,2182390.7,5981346.6,11.914,GR
5563,2182390.988,5981346.798,12.151,ECONC
5564,2182391.817,5981343.956,12.199,ECONC
5565,2182393.851,5981347.545,12.134,CONC
5566,2182393.743,5981347.97,12.219,DOOR 5
5567,2182382.016,5981342.185,12.428,"11"" TREE"
5568,2182387.874,5981316.258,13.26,GR
5569,2182406.987,5981318.369,11.945,GR
5570,2182421.191,5981319.993,10.936,GR
5571,2182413.021,5981343.771,10.739,GR
5572,2182408.919,5981350.457,10.819,GR
5573,2182356.709,5981336.462,16.818,BLDG COR
5574,2182356.543,5981336.345,17.674,SLAB X
5575,2182352.361,5981335.057,17.575,SLAB
5576,2182349.313,5981334.223,17.502,X END
5577,2182349.237,5981345.228,17.581,SLAB
5578,2182348.49,5981345.754,17.813,GR
5579,2182348.266,5981353.661,17.953,EL BOX 2.7X1.7
5580,2182350.848,5981355.129,17.971,EL RISERS
5581,2182349.574,5981358.148,17.959,EL RISER
5582,2182343.34,5981354.767,18.217,GR
5583,2182342.751,5981354.75,18.337,TC
5584,2182341.156,5981354.25,18.093,LIP
5585,2182328.545,5981350.042,18.982,AC
5586,2182335.945,5981330.396,17.939,AC
5587,2182345.357,5981340.113,17.664,LIP
5588,2182346.986,5981340.488,17.875,TC
5589,2182340.096,5981316.659,17.272,AC
5590,2182344.173,5981304.303,16.618,AC
5591,2182333.941,5981303.059,16.418,LIP
5592,2182332.615,5981302.302,16.731,TC
5593,2182328.729,5981312.124,17.293,X
5594,2182326.805,5981321.092,17.775,TC
5595,2182328,5981321.274,17.412,LIP
5596,2182324.811,5981331.305,17.996,LIP
5597,2182324.134,5981333.509,18.136,LIP
5598,2182321.203,5981334.489,18.21,LIP
5599,2182321.485,5981332.919,18.586,TC CR
5600,2182323.755,5981331.164,18.395,TC CR
5601,2182323.114,5981332.398,18.514,TC
5602,2182322.578,5981332.017,18.393,X
5603,2182328.775,5981281.795,17.737,ECONC
5604,2182327.192,5981287.205,17.602,ECONC
5605,2182326.72,5981298.291,18.01,"4"" TREE"
5606,2182317.753,5981313.451,19.1,GR
5607,2182306.142,5981322.915,19.507,GR
5608,2182305.726,5981322.784,19.602,ECONC
5609,2182300.085,5981321.105,19.708,ECONC
5610,2182299.271,5981321.45,19.766,GR
5611,2182295.248,5981322.055,19.977,UTIL RISER
5612,2182295.237,5981322.826,20.022,UTIL STUB
5613,2182295.966,5981319.773,22.31,"TFW 6"" CONC"
5614,2182300.26,5981321.001,22.336,"TFW 6"" CONC"
5615,2182305.924,5981302.501,22.193,"TFW 6"" CONC"
5616,2182301.708,5981301.171,22.193,"TFW 6"" CONC"
5617,2182302.501,5981300.127,19.428,EL RISERS
5618,2182303.74,5981301.319,19.431,UTIL RISER
5619,2182305.697,5981302.177,19.502,GR
5620,2182305.967,5981302.308,19.544,ECONC
5621,2182311.404,5981304.448,19.634,ECONC
5622,2182311.876,5981304.936,19.623,GR
5623,2182308.73,5981313.14,19.773,ECONC
5624,2182303.489,5981311.547,19.77,CONC
5625,2182314.467,5981294.728,19.424,ECONC
5626,2182308.848,5981293.194,19.352,ECONC
5627,2182304.609,5981327.521,19.628,TC
5628,2182305.842,5981329.618,19.253,LIP
5629,2182304.309,5981327.12,19.639,ECONC
5630,2182303.351,5981326.401,19.656,X GATE
5631,2182299.617,5981325.236,19.732,X GATE
5632,2182298.858,5981325.099,19.74,ECONC
5633,2182301.698,5981342.489,19.45,LIP
5634,2182300.191,5981341.722,19.846,TC
5635,2182294.115,5981340.363,20.011,ECONC
5636,2182293.728,5981340.287,19.998,GR
5637,2182289.333,5981352.954,20.393,GR
5638,2182289.91,5981353.753,20.25,ECONC
5639,2182289.298,5981353.605,20.277,ECONC
5640,2182289.12,5981354.151,20.237,STEPS TOP
5641,2182287.473,5981359.603,20.147,STEPS TOP
5642,2182287.304,5981359.623,20.597,"TFW 7"" CONC END"
5643,2182283.311,5981358.292,20.641,"TFW 7"" CONC"
5644,2182285.134,5981352.866,20.695,"TFW 7"" CONC"
5645,2182288.973,5981354.06,20.686,"TFW 7"" CONC END"
5646,2182285.175,5981353.002,18.195,STEPS
5647,2182283.491,5981358.295,18.124,STEPS
5648,2182283.155,5981359.32,20.493,CONC
5649,2182287.365,5981360.38,20.15,CONC
5650,2182285.178,5981351.659,20.408,GR
5651,2182290.764,5981336.577,20.091,GR
5652,2182290.273,5981326.574,19.972,CO
5653,2182291.236,5981323.983,20.069,UTIL RISER
5654,2182291.642,5981323.436,20.069,BLDG LINE
5655,2182294.453,5981324.266,19.886,BLDG COR
5656,2182294.762,5981323.601,20.021,X
5657,2182287.12,5981360.247,20.449,SLAB
5658,2182284.089,5981369.777,20.422,SLAB
5659,2182281.107,5981379.198,20.471,SLAB
5660,2182277.996,5981378.22,20.508,SLAB
5661,2182278.192,5981378.604,20.16,CONC
5662,2182277.708,5981379.677,20.172,CONC
5663,2182281.296,5981379.601,20.095,CONC
5664,2182284.511,5981369.834,20.095,CONC
5665,2182279.782,5981367.718,20.496,CONC
5666,2182296.243,5981354.498,20.039,TC
5667,2182297.777,5981354.984,19.63,LIP
5668,2182296.09,5981360.746,19.641,LIP
5669,2182293.956,5981361.906,20.016,TC
5670,2182293.597,5981362.06,19.994,ECONC
5671,2182294.512,5981363.139,19.812,GR
5672,2182304.483,5981365.833,19.875,GR
5673,2182304.975,5981365.44,19.918,TC
5674,2182305.971,5981364.267,19.604,LIP
5675,2182311.815,5981376.15,19.566,LIP
5676,2182310.1,5981376.315,19.937,TC
5677,2182309.258,5981376.546,19.862,GR
5678,2182307.378,5981371.487,19.888,TC
5679,2182308.852,5981370.802,19.638,LIP
5680,2182308.872,5981385.762,19.479,LIP
5681,2182306.968,5981386.766,19.883,TC
5682,2182306.634,5981386.999,19.89,ECONC
5683,2182306.354,5981386.335,19.789,GR
5684,2182307.294,5981385.968,19.49,"SD FL 3"" DIP"
5685,2182297.76,5981382.927,19.899,GR
5686,2182297.633,5981384.331,19.972,ECONC
5687,2182295.026,5981391.844,19.973,ECONC
5688,2182301.566,5981393.87,19.892,ECONC STEPS BOT
5689,2182299.083,5981394.255,19.665,GR
5690,2182285.203,5981388.88,20.078,ECONC
5691,2182287.597,5981381.246,20.032,ECONC
5692,2182287.873,5981381.09,19.953,GR
5693,2182298.843,5981376.065,19.944,"3"" LO"
5694,2182274.816,5981376.655,20.574,SDAD 1
5695,2182275.501,5981376.825,19.754,"SD FL 3"" DIP"
5696,2182276.55,5981379.119,20.235,STEPS BOT
5697,2182274.506,5981378.496,21.789,STEPS TOP
5698,2182272.136,5981385.922,21.77,STEPS TOP
5699,2182274.291,5981386.627,20.221,STEPS BOT
5700,2182275.052,5981386.999,20.196,BLDG COR
5701,2182274.834,5981387.719,20.208,BLDG COR
5702,2182284.707,5981390.649,20.128,ECONC
5703,2182286.196,5981389.819,19.891,GR
5704,2182300.275,5981395.394,20.369,ECONC
5705,2182300.954,5981394.552,20.361,ECONC
5706,2182301.657,5981393.971,20.355,ECONC
5707,2182305.054,5981393.442,19.913,STEPS BOT CR
5708,2182319.101,5981397.778,19.792,STEPS BOT CR
5709,2182321.63,5981400.049,19.824,STEPS BOT
5710,2182321.829,5981402.739,19.899,STEPS BOT
5711,2182317.662,5981401.672,21.947,STEPS TOP
5712,2182310.454,5981399.381,21.987,STEPS TOP
5713,2182303.874,5981397.404,22.035,STEPS TOP
5714,2182303.985,5981396.658,21.61,BLDG COR
5715,2182277.621,5981379.364,22.748,"TFW 12"" CONC END"
5716,2182275.352,5981378.559,24.247,"TFW 12"" CONC"
5717,2182272.91,5981377.808,24.311,"TFW 12"" CONC"
5718,2182319.709,5981388.971,19.476,LIP
5719,2182321.538,5981382.997,19.165,ECONC
5720,2182327.226,5981384.719,19.172,ECONC
5721,2182323.45,5981376.383,18.927,AC
5722,2182317.621,5981375.272,19.338,AC
5723,2182311.773,5981360.879,19.547,AC
5724,2182313.699,5981346.763,19.198,AC
5725,2182324.729,5981361.602,19.316,AC
5726,2182319.335,5981390.388,19.71,ECONC TC
5727,2182325.004,5981392.622,19.709,GB END
5728,2182327.333,5981384.757,20.318,ECONC GB
5729,2182329.06,5981379.052,20.295,ECONC
5730,2182328.85,5981378.609,18.981,AC
5731,2182340.349,5981382.509,20.328,ECONC 1
5732,2182333.047,5981380.263,20.248,ECONC ECONC 1
5733,2182333.066,5981386.59,20.254,GB 1 END
5734,2182330.716,5981394.367,20.94,GB 1
5735,2182327.512,5981404.654,21.946,GB 1 END
5736,2182327.245,5981404.267,19.826,CONC
5737,2182327.374,5981405.588,21.943,CONC
5738,2182332.69,5981407.283,21.947,CONC
5739,2182333.103,5981406.375,21.959,CONC
5740,2182336.01,5981395.919,20.963,CONC
5741,2182338.394,5981388.129,20.302,CONC
5742,2182330.55,5981394.4,19.776,CONC
5743,2182327.232,5981405.233,24.484,"TFW 8"" CONC END"
5744,2182317.607,5981402.293,24.521,"TFW 8"" CONC END"
5745,2182317.359,5981402.522,21.955,CONC
5746,2182333.054,5981407.048,24.52,"TFW 10"" CONC"
5747,2182340.489,5981382.538,24.541,"TFW 10"" CONC END"
5748,2182342.345,5981376.66,24.478,"TFW 10"" CONC END"
5749,2182347.361,5981360.167,24.496,"TFW 10"" CONC"
5750,2182348.323,5981359.009,24.509,"TFW 10"" CONC"
5751,2182349.779,5981358.849,24.513,"TFW 10"" CONC"
5752,2182349.601,5981359.769,21.848,BLDG COR
5753,2182350.59,5981360.181,22.145,ECONC
5754,2182347.445,5981365.782,21.722,"8"" TREE"
5755,2182345.446,5981372.7,21.606,"8"" TREE"
5756,2182347.658,5981369.389,21.585,ECONC
5757,2182344.968,5981377.781,21.824,ECONC
5758,2182343.053,5981377.147,21.9,ECONC
5759,2182341.903,5981376.104,19.258,GR
5760,2182342.296,5981376.786,21.845,ECONC STEPS TOP
5761,2182340.501,5981382.405,21.8,STEPS TOP
5762,2182334.83,5981380.695,18.686,STEPS BOT
5763,2182336.535,5981375.063,18.623,STEPS BOT
5764,2182336.387,5981374.933,18.995,TC END
5765,2182333.131,5981380.166,18.735,LIP
5766,2182337.152,5981366.7,18.45,LIP
5767,2182338.739,5981367.191,18.686,TC
5768,2182337.609,5981374.451,18.936,GR
5769,2182341.894,5981382.667,21.741,CONC
5770,2182340.771,5981384.948,21.744,ECONC
5771,2182342.211,5981386.687,21.712,ECONC
5772,2182341.456,5981387.752,21.549,"6"" TREE"
5773,2182338.97,5981394.975,21.824,"8"" TREE"
5774,2182336.237,5981403.27,22.042,"10"" TREE"
5775,2182336.175,5981407.157,21.966,ECONC
5776,2182339.729,5981395.307,21.88,ECONC
5777,2182348.616,5981385.287,21.607,CONC
5778,2182352.719,5981378.346,21.912,CONC
5779,2182354.61,5981380.799,21.908,SSMH
5780,2182355.185,5981370.036,21.421,CONC
5781,2182355.264,5981361.752,22.082,CONC
5782,2182355.291,5981361.646,22.134,DOOR 3L
5783,2182365.952,5981373.76,21.526,CONC
5784,2182371.684,5981366.862,22.037,CONC
5785,2182365.107,5981369.98,21.71,CONC
5786,2182362.671,5981363.916,22.076,CONC
5787,2182363.722,5981364.27,23.366,SLAB POC
5788,2182366.079,5981369.056,23.265,SLAB POC
5789,2182370.425,5981366.302,23.367,SLAB POC
5790,2182379.321,5981369.06,22.056,GB END
5791,2182386.007,5981371.455,22.234,CONC
5792,2182386.256,5981371.208,22.276,DOOR 3R
5793,2182386.239,5981377.178,22.282,DOOR 3L
5794,2182385.953,5981377.052,22.25,CONC
5795,2182388.043,5981371.593,22.233,BLDG COR
5796,2182375.852,5981380.699,22.011,GB
5797,2182375.403,5981380.579,21.505,CONC
5798,2182380.273,5981380.899,22.031,CONC
5799,2182371.302,5981393.728,21.62,CONC
5800,2182371.654,5981393.725,22.016,GB
5801,2182379.48,5981396.782,22.131,CONC
5802,2182377.284,5981405.33,22.224,CONC
5803,2182377.568,5981405.448,22.237,DOOR 3L
5804,2182368.087,5981403.093,21.608,CONC
5805,2182368.662,5981403.4,22.017,GB
5806,2182364.741,5981416.086,22.001,GB END
5807,2182364.429,5981415.975,21.571,CONC
5808,2182373.23,5981419.361,22.094,ERD
5809,2182370.992,5981427.064,22.118,BLDG COR ERD
5810,2182360.391,5981423.643,22.074,CONC
5811,2182360.009,5981423.733,22.174,DOOR 3R
5812,2182350.92,5981420.791,22.153,DOOR 3L
5813,2182351.718,5981419.921,22.073,CONC
5814,2182356.18,5981413.613,21.957,GB
5815,2182352.545,5981412.449,21.951,GB
5816,2182354.99,5981412.655,21.611,CONC
5817,2182357.617,5981400.029,21.694,CONC
5818,2182340.965,5981409.743,21.981,CONC
5819,2182341.034,5981417.282,22.113,CONC
5820,2182352.216,5981413.023,24.522,"TFW 10"" CONC END"
5821,2182356.108,5981414.176,24.543,"TFW 10"" CONC END"
5822,2182365.153,5981416.874,24.585,"TFW 10"" CONC END"
5823,2182365.113,5981417.572,22.023,CONC
5824,2182304.14,5981397.914,22.055,"POLE 3"""
5825,2182307.541,5981398.938,22.016,"POLE 3"""
5826,2182313.936,5981400.862,22.017,"POLE 3"""
5827,2182301.661,5981406.179,22.087,"POLE 3"""
5828,2182305.03,5981407.229,22.057,"POLE 3"""
5829,2182311.388,5981409.13,22.054,"POLE 3"""
5830,2182315.141,5981410.284,22.026,"POLE 3"""
5831,2182367.352,5981408.66,22.008,"POLE 3"""
5832,2182369.773,5981400.654,22.053,"POLE 3"""
5833,2182372.267,5981392.766,22.02,"POLE 3"""
5834,2182374.709,5981384.761,22.011,"POLE 3"""
5835,2182377.198,5981376.796,22.03,"POLE 3"""
5836,2182365.874,5981382.315,21.443,CONC
5837,2182358.728,5981380.06,21.821,CONC
5838,2182356.039,5981388.663,21.64,CONC
5839,2182363.272,5981390.681,21.624,CONC
5840,2182361.487,5981386.33,22.843,"7"" BAY"
5841,2182362.945,5981390.208,23.314,TFW CMU
5842,2182356.613,5981388.305,23.319,TFW CMU
5843,2182358.993,5981380.673,23.458,TFW CMU
5844,2182365.349,5981382.614,23.138,TFW CMU
5845,2182315.472,5981410.001,22.03,BLDG COR
5846,2182315.118,5981410.566,22.016,STEPS TOP
5847,2182311.138,5981409.362,22.077,STEPS TOP GB
5848,2182310.873,5981410.218,22.08,GB
5849,2182305.228,5981408.588,22.071,GB 1
5850,2182305.505,5981407.615,22.062,STEPS TOP GB 1
5851,2182301.167,5981406.282,22.066,STEPS TOP
5852,2182303.476,5981402.27,22.053,CONC
5853,2182301.98,5981401.873,22.257,CONC
5854,2182301.461,5981401.558,22.343,DOOR 5
5855,2182310.636,5981404.047,22.06,CONC
5856,2182310.71,5981411.437,20.791,STEPS BOT
5857,2182314.623,5981412.622,20.784,STEPS BOT
5858,2182304.81,5981409.592,20.803,STEPS BOT
5859,2182300.632,5981408.305,20.803,STEPS BOT
5860,2182302.769,5981412.1,20.738,COL COR 1
5861,2182297.492,5981429.377,20.285,COL COR 1
5862,2182294.297,5981439.786,20.205,COL COR 1
5863,2182302.557,5981442.395,20.331,COL COR 2
5864,2182305.76,5981431.898,20.252,COL COR 2
5865,2182310.985,5981414.708,20.715,COL COR 2
5866,2182304.575,5981431.296,20.273,GB END
5867,2182307.909,5981420.61,21.132,GB
5868,2182302.027,5981419.173,21.118,GB 1
5869,2182298.871,5981429.7,20.262,GB 1 END
5870,2182300.882,5981419.265,20.49,CONC
5871,2182308.251,5981421.817,20.487,CONC
5872,2182308.264,5981433.311,20.273,BLDG COR ECONC
5873,2182307.743,5981434.354,20.241,ECONC
5874,2182307.891,5981434.187,19.24,GR
5875,2182294.304,5981428.251,20.331,BLDG COR ECONC
5876,2182292.495,5981434.256,20.215,ECONC
5877,2182291.359,5981433.92,20.208,ECONC
5878,2182289.708,5981439.046,20.161,ECONC
5879,2182289.288,5981438.326,19.93,GR
5880,2182288.006,5981427.053,20.375,G CAGE
5881,2182285.642,5981435.226,20.137,G CAGE
5882,2182279.517,5981433.444,20.031,G CAGE GATE
5883,2182276.246,5981432.422,20.174,G CAGE GATE
5884,2182270.199,5981430.608,20.452,G CAGE
5885,2182272.456,5981422.392,20.487,G CAGE
5886,2182272.373,5981421.497,20.418,BLDG LINE
5887,2182267.797,5981432.327,20.85,ECONC
5888,2182266.061,5981440.38,20.742,ECONC
5889,2182266.608,5981442.639,20.468,COL COR
5890,2182275.636,5981444.644,20.396,"7"" TREE"
5891,2182290.904,5981450.819,20.543,BLDG COR
5892,2182286.279,5981449.371,20.57,BLDG COR ECONC
5893,2182286.293,5981449.527,20.567,BLDG COR
5894,2182282.808,5981448.527,20.258,COL COR BLDG
5895,2182283.077,5981447.723,20.288,COL COR
5896,2182282.091,5981447.421,20.285,COL COR
5897,2182267.351,5981443.747,20.307,COL COR BLDG
5898,2182267.559,5981442.933,20.363,COL COR
5899,2182277.288,5981443.767,20.592,ECONC
5900,2182278.25,5981435.479,20.394,ECONC
5901,2182287.139,5981446.845,20.564,ECONC
5902,2182285.89,5981447.629,20.2,GR
5903,2182297.895,5981441.805,20.324,CONC
5904,2182296.757,5981452.97,20.596,CONC
5905,2182294.532,5981457.71,20.698,CONC
5906,2182288.095,5981460.513,20.963,CONC
5907,2182293.844,5981462.519,20.768,CONC
5908,2182290.073,5981471.278,21.694,CONC
5909,2182294.41,5981472.379,21.606,CONC
5910,2182285.191,5981469.984,21.736,CONC
5911,2182283.699,5981475.079,22.095,CONC
5912,2182288.452,5981476.589,22.051,CONC
5913,2182293.189,5981477.924,22.201,CONC
5914,2182292.203,5981481.77,22.332,BLDG COR
5915,2182282.32,5981478.739,22.307,BLDG COR
5916,2182295.072,5981472.32,21.592,COL COR
5917,2182296.51,5981472.83,19.846,COL COR
5918,2182287.356,5981479.976,22.294,CONC
5919,2182287.275,5981480.147,22.347,DOOR 6
5920,2182294.798,5981472.205,22.037,"TFW 8"" CONC"
5921,2182297.321,5981464.046,21.968,"TFW 8"" CONC"
5922,2182300.501,5981464.953,21.948,"TFW 8"" CONC"
5923,2182297.903,5981473.203,22.023,"TFW 8"" CONC"
5924,2182298.074,5981473.631,19.929,GR
5925,2182297.4,5981468.614,21.579,GR
5926,2182297.305,5981463.737,20.674,CONC
5927,2182300.23,5981453.945,20.631,CONC
5928,2182300.505,5981453.8,21.98,"TFW 8"" CONC"
5929,2182303.61,5981454.678,22.001,"TFW 8"" CONC"
5930,2182306.529,5981434.064,21.939,"TFW 8"" CONC"
5931,2182309.619,5981435.056,21.902,"TFW 8"" CONC"
5932,2182310.012,5981434.831,18.898,GR
5933,2182304.946,5981444.827,21.659,GR
5934,2182304.216,5981454.604,19.753,GR
5935,2182303.689,5981454.794,20.596,ECONC
5936,2182305.053,5981455.229,20.564,ECONC STEPS TOP
5937,2182301.882,5981465.345,20.523,ECONC STEPS TOP
5938,2182300.558,5981464.916,20.531,ECONC
5939,2182300.709,5981465.516,19.851,GR
5940,2182299.34,5981463.557,20.573,COL COR
5941,2182297.632,5981464.1,20.681,COL COR
5942,2182297.9,5981463.144,20.642,COL COR
5943,2182300.733,5981453.935,20.598,COL COR
5944,2182300.473,5981454.857,20.624,COL COR
5945,2182302.157,5981454.316,20.586,COL COR
5946,2182311.224,5981440.003,19.623,ICB 1
5947,2182311.869,5981435.259,18.74,UTIL RISER
5948,2182329.838,5981442.228,14.118,W RISER
5949,2182330.861,5981440.749,13.685,UTIL RISER
5950,2182319.318,5981447.394,16.634,GR
5951,2182320.376,5981447.701,16.765,SSCO?
5952,2182309.325,5981481.121,14.872,W BOX 1
5953,2182307.613,5981480.738,15.029,"RWL 4""?"
5954,2182302.134,5981477.793,18.455,ICV
5955,2182438.503,5981378.627,9.42,"SD FL 3"" DIP"
5956,2182435.038,5981446.558,11.827,DY
5957,2182432.965,5981453.029,11.93,DY END
5958,2182427.93,5981469.009,12.084,AC
5959,2182440.919,5981467.456,11.786,WV
5960,2182438.273,5981472.574,12.027,WV
5961,2182435.802,5981473.762,12.13,WV
5962,2182445.888,5981453.743,11.177,WV
5963,2182452.094,5981455.61,11.153,FH
5964,2182453.423,5981453.557,11.136,JPUG
5965,2182438.715,5981489.69,11.739,GV
5966,2182422.554,5981488.296,12.312,AC
5967,2182420.548,5981495.066,12.359,DY END
5968,2182416.616,5981510.904,12.272,DY
5969,2182413.814,5981531.909,12.009,DY
5970,2182414.865,5981551.79,11.774,DY
5971,2182421.244,5981571.236,11.602,DY
5972,2182435.598,5981560.13,11.175,JP
5973,2182415.63,5981584.259,10.957,WV
5974,2182413.908,5981588.68,10.97,WV
5975,2182404.951,5981574.982,11.264,W BOX 1
5976,2182413.731,5981574.869,11.399,AC
5977,2182408.444,5981578.386,10.878,AC
5978,2182408.329,5981578.674,11.242,TC
5979,2182403.678,5981581.296,11.304,ECONC
5980,2182403.975,5981583.085,11.111,X
5981,2182396.781,5981572.741,11.303,X
5982,2182393.708,5981571.971,11.136,X GATE
5983,2182393.475,5981550.136,11.477,ECONC
5984,2182398.959,5981550.048,11.384,TC
5985,2182401.054,5981550.332,11.22,AC
5986,2182405.326,5981551.506,11.622,SSMH
5987,2182405.795,5981531.015,11.914,AC
5988,2182398.995,5981530.768,11.377,AC
5989,2182398.308,5981530.978,11.657,TC
5990,2182392.977,5981529.093,11.814,CONC
5991,2182392.903,5981536.058,11.763,ECONC
5992,2182392.23,5981536.717,11.61,X
5993,2182392.508,5981547.036,11.446,X
5994,2182389.152,5981552.174,11.283,X GATE
5995,2182393.154,5981519.387,11.907,CONC
5996,2182398.551,5981519.768,11.753,TC
5997,2182399.062,5981519.964,11.481,AC
5998,2182397.926,5981513.256,11.823,SS BOX 1
5999,2182408.282,5981509.245,12.17,AC
6000,2182400.26,5981507.988,11.57,AC
6001,2182399.792,5981507.854,11.867,TC
6002,2182394.423,5981507.219,11.99,CONC
6003,2182395.959,5981493.739,12.058,CONC
6004,2182401.311,5981494.294,11.894,CONC
6005,2182403.54,5981484.581,11.894,CONC
6006,2182398.683,5981483.484,11.979,CONC
6007,2182404.15,5981484.622,11.845,TC
6008,2182404.454,5981484.765,11.499,AC
6009,2182413.171,5981486.909,12.164,AC
6010,2182419.112,5981466.306,11.914,AC
6011,2182410.445,5981464.895,11.248,AC
6012,2182409.886,5981464.568,11.54,TC CR
6013,2182408.066,5981464.701,11.578,WV?
6014,2182405.027,5981469.931,11.68,W M 1
6015,2182399.668,5981465.718,11.756,W BOX 2.5X1.5
6016,2182402.528,5981482.509,11.867,W BOX 3.0X2.0
6017,2182400.261,5981481,11.878,W BOX 2
6018,2182410.727,5981458.469,11.557,GUY POLE LITE
6019,2182398.132,5981459.898,11.62,GUY
6020,2182411.472,5981451.08,11.435,SIGN
6021,2182408.44,5981449.704,11.553,CONC
6022,2182402.803,5981448.067,11.669,ECONC
6023,2182412.368,5981451.572,11.413,CONC
6024,2182412.245,5981438.258,11.287,CONC
6025,2182415.664,5981427.592,11.107,CONC
6026,2182421.158,5981429.507,10.955,CONC
6027,2182416.975,5981442.133,11.173,CONC
6028,2182417.319,5981442.129,11.153,TC
6029,2182417.707,5981442.158,10.862,AC
6030,2182426.616,5981444.595,11.635,AC
6031,2182409.667,5981427.719,11.316,ECONC X
6032,2182408.377,5981431.547,11.353,X GATE
6033,2182407.125,5981435.266,11.44,X GATE
6034,2182405.875,5981438.995,11.5,ECONC X
6035,2182406.712,5981436.548,11.471,ECONC
6036,2182408.909,5981430.028,11.343,ECONC
6037,2182399.752,5981434.275,11.389,"SD TD CL 5"""
6038,2182401.791,5981427.694,11.383,"SD TD CL 5"""
6039,2182403.113,5981428.141,11.384,ECONC
6040,2182401.487,5981434.825,11.412,ECONC
6041,2182397.887,5981433.637,11.445,ECONC
6042,2182399.948,5981427.083,11.418,ECONC COL CR
6043,2182397.982,5981430.149,11.446,CONC
6044,2182397.714,5981430.153,11.489,DOOR 3R
6045,2182398.334,5981436.427,11.04,COL COR X
6046,2182398.66,5981435.322,11.072,COL CR
6047,2182401.496,5981426.24,11.145,COL CR
6048,2182399.79,5981443.396,11.51,"3"" 7"" MIM"
6049,2182396.48,5981444.64,11.219,GR
6050,2182393.896,5981441.389,11.118,GR
6051,2182397.394,5981437.982,10.905,GR
6052,2182396.994,5981439.292,11.482,ICB 1
6053,2182395.491,5981438.929,10.657,UTIL RISER
6054,2182396.697,5981442.057,10.974,SDDI 1.5X1.5
6055,2182398.76,5981460.633,11.813,ECONC
6056,2182394.147,5981463.919,11.9,W BOX 3.0X2.0
6057,2182388.836,5981462.47,11.605,W DCV BFP
6058,2182386.54,5981461.851,11.48,W DCV BFP
6059,2182385.375,5981458.8,11.296,W FDC
6060,2182385.32,5981457.325,11.385,X
6061,2182387.554,5981457.862,11.295,BLDG COR
6062,2182390.948,5981469.286,11.962,"4"" 6"" 7"" MIM"
6063,2182381.829,5981476.941,11.678,SIGN
6064,2182389.373,5981478.199,11.765,W BFP
6065,2182391.589,5981478.844,11.873,W BFP
6066,2182395.781,5981470.181,11.906,ECONC
6067,2182392.414,5981482.62,12.103,ECONC
6068,2182391.931,5981481.812,11.911,GR
6069,2182384.093,5981480.107,11.889,ECONC
6070,2182378.513,5981478.291,11.722,ECONC X
6071,2182375.625,5981488.507,11.739,ECONC
6072,2182375.907,5981488.941,11.627,GR
6073,2182389.397,5981493.123,11.979,GR
6074,2182390.042,5981493.071,12.132,ECONC
6075,2182382.739,5981498.131,11.67,"2"" MIM"
6076,2182377.537,5981491.159,11.797,SIGN
6077,2182375.916,5981487.249,11.712,X GATE
6078,2182378.295,5981479.623,11.71,X GATE
6079,2182379.699,5981484.364,11.793,CONC
6080,2182390.701,5981487.67,12.055,CONC
6081,2182379.973,5981496.04,11.565,GR
6082,2182373.686,5981495.6,11.275,GR
6083,2182376.082,5981496.642,11.286,GR
6084,2182375.597,5981496.793,11.39,ECONC
6085,2182373.305,5981496.037,11.417,ECONC
6086,2182376.749,5981494.945,11.342,SDDI 2.0X2.2
6087,2182374.037,5981502,11.337,BLDG COR
6088,2182374.172,5981502.005,11.601,ECONC
6089,2182374.062,5981501.844,11.385,ECONC
6090,2182372.533,5981500.967,11.387,"RWL 3"""
6091,2182380.994,5981504.202,11.696,ECONC
6092,2182387.873,5981506.31,11.861,ECONC
6093,2182387.708,5981505.953,11.775,GR
6094,2182392.758,5981503.648,11.969,"BOLL 10"""
6095,2182391.788,5981511.564,11.911,"BOLL 10"""
6096,2182391.254,5981519.427,11.859,"BOLL 10"""
6097,2182390.894,5981527.49,11.773,"BOLL 10"""
6098,2182383.109,5981533.402,11.636,ECONC
6099,2182372.374,5981530.13,11.693,ECONC
6100,2182366.154,5981528.248,11.713,ECONC
6101,2182365.937,5981528.948,11.62,X
6102,2182379.696,5981533.002,11.52,X
6103,2182384.341,5981521.689,11.83,CONC
6104,2182386.532,5981512.915,11.855,CONC
6105,2182377.417,5981512.045,11.792,CONC
6106,2182371.486,5981511.235,11.702,CONC
6107,2182375.518,5981523.956,11.746,CONC
6108,2182368.444,5981520.967,11.785,CONC
6109,2182367.961,5981521.127,11.838,DOOR 3R
6110,2182366.188,5981499.36,11.311,UTIL RISERS
6111,2182362.332,5981497.879,11.336,G RISER
6112,2182360.161,5981497.118,11.449,"WALL CL 10"" CONC END"
6113,2182363.475,5981486.349,11.318,"WALL CL 10"" CONC END"
6114,2182362.99,5981486.295,11.431,ECONC
6115,2182364.837,5981485.083,11.431,ECONC
6116,2182370.687,5981487.001,11.652,ECONC
6117,2182369.905,5981487.122,11.47,GR
6118,2182368.36,5981494.456,11.439,ECONC
6119,2182366.679,5981499.549,11.461,ECONC
6120,2182369.37,5981500.273,11.45,CONC
6121,2182369.137,5981500.525,11.812,DOOR 3R
6122,2182355.998,5981490.668,11.53,ECONC
6123,2182361.101,5981492.208,11.543,ECONC
6124,2182357.923,5981491.782,11.318,GR
6125,2182354.1,5981495.065,11.246,"WALL CL 10"" END"
6126,2182355.99,5981488.947,11.455,"WALL CL 10"" END"
6127,2182355.429,5981488.313,11.526,STEPS BOT
6128,2182356.64,5981484.308,11.534,STEPS BOT
6129,2182350.774,5981480.519,11.494,CONC
6130,2182345.806,5981479.062,11.498,ECONC
6131,2182354.965,5981490.344,11.4,ECONC
6132,2182344.79,5981487.157,11.421,ECONC
6133,2182348.376,5981488.54,11.221,FOOTING
6134,2182347.215,5981492.101,11.174,FOOTING
6135,2182347.738,5981492.836,10.787,GR
6136,2182351.226,5981494.344,10.898,GR
6137,2182351.737,5981494.92,11.128,FOOTING
6138,2182353.276,5981489.972,11.209,FOOTING
6139,2182349.572,5981490.139,10.84,SDAD 0.3 DIA
6140,2182339.17,5981489.592,10.955,FOOTING
6141,2182342.7,5981478.301,11.175,FOOTING
6142,2182346.141,5981480.963,11.378,"WALL CL 10"" END"
6143,2182343.278,5981490.222,11.177,"WALL CL 10"" END"
6144,2182336.12,5981476.124,11.599,ECONC
6145,2182327.908,5981473.51,11.7,ECONC
6146,2182322.092,5981471.696,11.664,ECONC STEPS BOT
6147,2182325.174,5981461.613,11.635,ECONC STEPS BOT
6148,2182312.787,5981457.638,16.117,ECONC STEPS BOT
6149,2182309.65,5981467.74,16.144,ECONC STEPS BOT
6150,2182314.306,5981469.217,16.116,ECONC STEPS TOP
6151,2182317.387,5981459.092,16.107,ECONC STEPS TOP
6152,2182313.094,5981457.073,16.334,GR
6153,2182317.511,5981458.628,15.237,GR
6154,2182305.354,5981452.757,20.098,W BOX 2.0X3.0
6155,2182309.475,5981468.161,16.105,GR
6156,2182314.134,5981469.77,15.058,GR
6157,2182322.215,5981472.259,11.771,GR
6158,2182325.661,5981460.838,11.942,GR
6159,2182339.162,5981465.355,11.546,GR
6160,2182339.484,5981466.052,11.6,ECONC
6161,2182330.912,5981463.313,11.685,ECONC
6162,2182342.654,5981458.089,11.6,ECONC
6163,2182347.821,5981445.693,11.45,ECONC
6164,2182350.759,5981446.668,11.476,CONC
6165,2182350.948,5981445.523,11.522,DOOR 3L
6166,2182353.421,5981447.451,11.404,ECONC
6167,2182353.123,5981450.561,11.194,G RISER
6168,2182355.128,5981448.212,11.161,UTIL RISER
6169,2182348.458,5981459.702,11.515,ECONC
6170,2182345.208,5981467.7,11.527,ECONC
6171,2182345.627,5981467.531,11.478,GR
6172,2182341.899,5981478.582,11.083,GR
6173,2182357.337,5981471.601,11.424,ECONC
6174,2182369.076,5981475.289,11.469,ECONC
6175,2182369.217,5981474.797,11.383,GR
6176,2182370.155,5981466.569,11.466,GR
6177,2182377.435,5981465.268,11.617,"4"" 6"" MIM"
6178,2182362.782,5981462.107,11.613,"6"" TREE"
6179,2182360.631,5981455.34,11.606,"7"" TREE"
6180,2182359.556,5981456.088,11.638,"4"" TREE"
6181,2182357.712,5981456.788,11.746,"5"" TREE"
6182,2182356.882,5981456.769,11.733,"3"" TREE"
6183,2182358.575,5981454.587,11.595,"4"" 5"" TREE"
6184,2182368.865,5981456.208,11.405,GR
6185,2182367.854,5981457.847,12.126,ICB 2
6186,2182341.366,5981445.967,12.015,"8"" 9"" TREE"
6187,2182340.395,5981453.627,11.851,"3"" TREE"
6188,2182335.904,5981454.224,12.017,"3"" TREE"
6189,2182330.239,5981456.003,12.18,"4"" TREE"
6190,2182332.999,5981446.686,12.52,GR
6191,2182320.002,5981484.929,12.045,GR
6192,2182316.477,5981482.208,13.1,"9"" TREE"
6193,2182296.185,5981473.757,19.672,COL COR
6194,2182295.463,5981473.613,19.628,COL COR
6195,2182294.438,5981477.358,19.354,COL BLDG COR
6196,2182289.168,5981567.475,10.179,CONC
6197,2182314.66,5981570.117,10.595,CONC
6198,2182357.219,5981579.976,11.011,GUY
6199,2182359.09,5981579.414,11.054,GUY
6200,2182359.1,5981578.307,11.107,"7"" TREE"
6201,2182361.226,5981574.464,11.188,"5"" 6"" TREE"
6202,2182359.697,5981572.658,11.122,"5"" TREE"
6203,2182367.693,5981577.546,10.867,GUY POLE
6204,2182377.784,5981569.397,10.564,GR
6205,2182374.415,5981564.439,10.739,GR
6206,2182379.223,5981561.547,10.739,GR
6207,2182382.285,5981566.658,10.726,GR
6208,2182378.86,5981565.307,11.221,SDDI 1.7X1.5
6209,2182363.298,5981561.557,10.78,SDDI 2.0X2.2
6210,2182356.634,5981560.966,11.264,X
6211,2182364.293,5981558.091,11.056,GR
6212,2182362.173,5981565.048,11.119,GR
6213,2182367.272,5981562.98,11.194,GR
6214,2182368.16,5981552.258,11.375,"8"" TREE"
6215,2182358.834,5981551.687,11.176,BLDG COR X
6216,2182356.852,5981558.403,11.198,UTIL RISER
6217,2182366.029,5981538.102,11.445,GR
6218,2182375.743,5981541.864,11.954,"8"" 10"" MIM"
6219,2182380.576,5981546.463,10.861,GR
6220,2182389.017,5981567.676,11.055,GR
6221,2182384.069,5981595.746,10.954,GR
6222,2182363.042,5981596.008,10.678,GR
6223,2182347.741,5981592.515,10.886,ECONC COL COR 3
6224,2182351.318,5981581.126,11.138,ECONC
6225,2182350.47,5981580.87,10.96,X
6226,2182350.553,5981583.028,11.05,COL COR 3
6227,2182338.248,5981589.562,10.72,ECONC COL COR 3
6228,2182337.514,5981591.211,10.068,GR
6229,2182347.777,5981592.802,10.444,GR
6230,2182341.192,5981580.038,10.945,COL COR 3
6231,2182338.363,5981589.582,10.781,COL COR 3 ECONC
6232,2182338.035,5981587.288,10.789,X GATE
6233,2182340.301,5981579.989,10.877,X GATE
6234,2182341.671,5981579.286,10.895,X
6235,2182348.983,5981581.509,11.023,X
6236,2182343.949,5981584.422,10.891,CONC
6237,2182326.979,5981586.73,10.373,GR
6238,2182327.019,5981586.047,10.614,ECONC
6239,2182328.716,5981580.475,10.698,CONC
6240,2182330.742,5981574.729,10.795,ECONC
6241,2182331.011,5981574.217,10.735,GR
6242,2182337.022,5981571.161,10.789,GR
6243,2182333.643,5981564.742,10.836,GR
6244,2182328.433,5981568.536,10.618,GR
6245,2182332.373,5981569.426,10.355,SDDI 2.0X2.2
6246,2182320.795,5981571.621,10.658,ECONC
6247,2182318.728,5981577.051,10.575,CONC
6248,2182317.353,5981583.03,10.494,ECONC
6249,2182317.288,5981583.496,10.489,GR
6250,2182313.112,5981588.956,10.507,"24"" 24"" 30"" RED"
6251,2182295.872,5981583.087,10.59,"24"" 30"" RED"
6252,2182307.762,5981581.209,10.445,X
6253,2182308.28,5981580.194,10.403,ECONC
6254,2182309.599,5981575.284,10.458,CONC
6255,2182311.393,5981568.694,10.52,ECONC
6256,2182311.685,5981567.627,10.443,X
6257,2182315.952,5981553.486,10.926,X
6258,2182320.002,5981539.869,11.303,X
6259,2182324.353,5981541.2,11.343,FOOTING
6260,2182324.089,5981541.975,11.332,FOOTING
6261,2182324.364,5981542.483,11.11,GR
6262,2182344.837,5981548.808,11.059,GR
6263,2182356.839,5981551.725,11.074,"RWL 3"""
6264,2182343.999,5981561.526,11.02,GR
6265,2182327.863,5981556.722,10.912,GR
6266,2182321.154,5981573.795,10.639,COL CL 0.8X.04
6267,2182318.695,5981581.364,10.537,COL CL 0.8X.04
6268,2182302.078,5981567.847,10.352,COL CL 0.8X.04
6269,2182299.656,5981575.436,10.295,COL CL 0.8X.04
6270,2182282.957,5981561.917,10.241,COL CL 0.8X.04
6271,2182272.235,5981558.569,10.249,COL CL 0.8X.04
6272,2182280.624,5981569.537,10.155,COL CL 0.8X.04
6273,2182269.924,5981566.267,10.098,COL CL 0.8X.04
6274,2182267.736,5981565.564,10.056,COL COR 1
6275,2182250.016,5981560.035,10.023,COL COR 1 ECONC
6276,2182237.427,5981556.229,9.999,FW END ECONC
6277,2182237.059,5981557.334,9.989,FW END
6278,2182225.311,5981553.741,9.993,FW END
6279,2182225.708,5981552.63,9.989,FW END ECONC
6280,2182236.505,5981550.567,10.135,CONC
6281,2182237.908,5981545.957,10.246,CONC
6282,2182238.104,5981545.434,10.342,DOOR 3L
6283,2182239.49,5981546.275,10.268,COL COR
6284,2182240.452,5981546.594,10.262,COL COR
6285,2182252.026,5981550.135,10.259,COL COR
6286,2182252.979,5981550.437,10.266,COL COR
6287,2182262.784,5981552.786,10.294,BLDG COR
6288,2182230.033,5981542.713,10.252,BLDG LINE
6289,2182251.122,5981554.697,10.182,CONC
6290,2182261.187,5981557.799,10.193,CONC
6291,2182259.617,5981562.974,10.026,ECONC
6292,2182258.907,5981564.048,9.962,GR
6293,2182236.75,5981560.088,9.78,GR
6294,2182265.199,5981571.341,9.891,GR
6295,2182266.155,5981569.243,9.991,EL BOX 2.0X3.0
6296,2182266.61,5981567.225,9.901,EL RISERS
6297,2182267.157,5981567.353,10.013,ECONC
6298,2182267.442,5981566.853,10.019,ECONC
6299,2182273.047,5981575.597,10.631,"32"" RED"
6300,2182276.832,5981564.481,10.294,CONC
6301,2182267.82,5981560.93,10.13,CONC
6302,2182286.015,5981567.409,10.203,CONC
6303,2182284.661,5981572.752,10.107,ECONC
6304,2182275.058,5981569.744,10.195,ECONC
6305,2182277.797,5981571.232,10.074,X
6306,2182276.726,5981575.581,10.338,X
6307,2182292.465,5981575.219,10.17,ECONC
6308,2182300.645,5981577.818,10.268,ECONC
6309,2182303.605,5981572.207,10.333,CONC
6310,2182294.359,5981569.584,10.177,CONC
6311,2182295.146,5981563.636,10.232,ECONC
6312,2182295.784,5981563.267,10.157,GR
6313,2182304.632,5981566.542,10.371,ECONC
6314,2182304.811,5981566.073,10.328,GR
6315,2182302.403,5981560.374,10.246,GR
6316,2182307.647,5981557.461,10.459,GR
6317,2182309.806,5981562.883,10.283,GR
6318,2182306.194,5981561.511,9.974,SDDI 2.0X2.2
6319,2182284.631,5981555.029,10.038,SDDI 2.0X2.2
6320,2182289.09,5981555.691,10.295,GR
6321,2182288.609,5981561.101,10.147,GR
6322,2182283.559,5981559.44,10.292,GR
6323,2182277.098,5981557.761,10.36,GR
6324,2182279.841,5981553.465,10.472,GR
6325,2182285.801,5981550.858,10.584,GR
6326,2182294.31,5981542.883,10.878,GR
6327,2182283.148,5981539.18,10.99,GR
6328,2182276.021,5981541.278,10.878,GR
6329,2182276.585,5981540.944,11.637,ECONC
6330,2182282.777,5981538.837,11.666,ECONC
6331,2182281.63,5981542.62,11.594,ECONC
6332,2182279.556,5981549.362,11.033,ECONC
6333,2182274.582,5981547.899,11.032,ECONC
6334,2182271.941,5981556.349,10.307,ECONC
6335,2182276.917,5981557.909,10.392,ECONC
6336,2182283.608,5981559.959,10.291,ECONC
6337,2182288.972,5981561.668,10.238,ECONC
6338,2182291.94,5981552.563,10.932,ECONC
6339,2182298.011,5981554.295,10.946,ECONC
6340,2182300.814,5981545.158,11.667,ECONC
6341,2182294.67,5981543.341,11.637,ECONC
6342,2182294.898,5981542.525,11.665,BLDG COR ECONC
6343,2182297.876,5981532.893,11.702,BLDG COR
6344,2182300.252,5981533.577,11.692,CONC
6345,2182296.493,5981539.565,11.659,CONC
6346,2182296.261,5981539.426,11.684,DOOR 3.5R
6347,2182300.139,5981533.576,11.707,DOOR 3L
6348,2182303.902,5981535.036,11.719,ECONC
6349,2182305.342,5981535.53,11.035,"RWL 4"""
6350,2182303.408,5981535.294,11.715,"COL CL 4""X4"""
6351,2182300.749,5981543.901,11.685,"COL CL 4""X4"""
6352,2182301.56,5981545.035,11.207,GR
6353,2182310.905,5981546.994,10.968,GR
6354,2182317.42,5981539.22,11.026,W RISER BIBB
6355,2182280.16,5981538.186,11.646,CONC
6356,2182280.092,5981537.981,11.693,DOOR 3L
6357,2182277.783,5981537.205,11.645,BLDG COR
6358,2182276.635,5981535.346,11.505,BLDG COR COL COR
6359,2182273.741,5981534.526,11.294,CONC
6360,2182271.643,5981533.825,11.281,CONC
6361,2182271.646,5981533.771,11.308,DOOR 3L
6362,2182268.894,5981532.859,11.3,BLDG COR
6363,2182272.096,5981539.414,11.258,ECONC
6364,2182267.43,5981538.14,11.251,ECONC
6365,2182267.388,5981538.471,11.134,GR
6366,2182274.514,5981544.548,10.796,COL COR
6367,2182274.187,5981545.499,10.722,COL COR
6368,2182272.756,5981545.055,10.762,COL COR
6369,2182271.446,5981554.62,10.365,COL COR
6370,2182271.106,5981555.535,10.266,COL COR
6371,2182270.495,5981555.849,10.287,COL COR ECONC
6372,2182270.682,5981555.371,10.22,COL COR
6373,2182269.506,5981555.554,10.25,COL COR
6374,2182269.895,5981554.428,10.261,STEPS BOT
6375,2182263.058,5981552.279,10.333,STEPS BOT
